0	12	1	12	0.01
1	36	1	36	0.02
2	60	1	60	0.03
3	84	1	84	0.04
4	108	1	8	0.05
5	132	1	32	0.06
6	156	1	56	0.07
7	180	1	80	0.08
8	204	1	4	0.09
9	228	1	28	0.1
10	252	1	52	0.11
11	276	1	76	0.12
12	300	1	0	0.13
13	324	1	24	0.14
14	348	1	48	0.15
15	372	1	72	0.16
16	396	1	96	0.17
17	420	1	20	0.18
18	444	1	44	0.19
19	468	1	68	0.2
20	492	1	92	0.21
21	516	1	16	0.22
22	540	1	40	0.23
23	564	1	64	0.24
24	588	1	88	0.25
25	612	2	13	0.26
26	636	2	37	0.27
27	660	2	61	0.28
28	684	2	85	0.29
29	708	2	9	0.3
30	732	2	33	0.31
31	756	2	57	0.32
32	780	2	81	0.33
33	804	2	5	0.34
34	828	2	29	0.35
35	852	2	53	0.36
36	876	2	77	0.37
37	900	2	1	0.38
38	924	2	25	0.39
39	948	2	49	0.4
40	972	2	73	0.41
41	996	2	97	0.42
42	62	1	62	0.43
43	87	1	87	0.44
44	112	3	14	0.45
45	137	2	38	0.46
46	162	2	63	0.47
47	187	3	89	0.48
48	212	4	15	0.49
49	237	3	39	0.5
50	262	4	65	0.51
51	287	4	90	0.52
52	312	6	17	0.53
53	337	5	41	0.54
54	362	5	66	0.55
55	387	5	91	0.56
56	412	7	18	0.57
57	437	6	42	0.58
58	462	6	67	0.59
59	487	7	93	0.6
60	512	8	19	0.61
61	537	7	43	0.62
62	562	8	69	0.63
63	587	8	94	0.64
64	25	2	26	0.65
65	637	9	45	0.66
66	662	9	70	0.67
67	687	9	95	0.68
68	712	10	21	0.69
69	737	10	46	0.7
70	762	10	71	0.71
71	787	12	98	0.72
72	812	11	22	0.73
73	837	11	47	0.74
74	862	13	74	0.75
75	887	13	99	0.76
76	912	12	23	0.77
77	937	14	50	0.78
78	962	14	75	0.79
79	987	16	2	0.8
80	92	12	3	0.81
81	118	10	27	0.82
82	144	8	51	0.83
83	170	9	78	0.84
84	196	11	6	0.85
85	222	9	30	0.86
86	248	7	54	0.87
87	274	6	79	0.88
88	0	8	7	0.89
89	326	6	31	0.9
90	352	4	55	0.91
91	378	5	82	0.92
92	404	7	10	0.93
93	430	5	34	0.94
94	456	3	58	0.95
95	482	2	83	0.96
96	508	4	11	0.97
97	534	2	35	0.98
98	560	27	86	0.99
99	586	74	59	1
0	563	1	63	0.01
1	587	1	87	0.02
2	611	1	11	0.03
3	635	1	35	0.04
4	659	1	59	0.05
5	683	1	83	0.06
6	707	1	7	0.07
7	731	1	31	0.08
8	755	1	55	0.09
9	779	1	79	0.1
10	803	1	3	0.11
11	827	1	27	0.12
12	851	1	51	0.13
13	875	1	75	0.14
14	899	1	99	0.15
15	923	1	23	0.16
16	947	1	47	0.17
17	971	1	71	0.18
18	995	1	95	0.19
19	38	1	38	0.2
20	63	2	64	0.21
21	88	1	88	0.22
22	113	1	13	0.23
23	138	2	39	0.24
24	163	3	65	0.25
25	188	2	89	0.26
26	213	2	14	0.27
27	238	3	40	0.28
28	263	4	66	0.29
29	288	3	90	0.3
30	313	3	15	0.31
31	338	4	41	0.32
32	363	5	67	0.33
33	388	4	91	0.34
34	413	4	16	0.35
35	438	5	42	0.36
36	463	6	68	0.37
37	488	5	92	0.38
38	513	5	17	0.39
39	538	6	43	0.4
40	0	1	0	0.41
41	588	6	93	0.42
42	613	6	18	0.43
43	638	7	44	0.44
44	663	7	69	0.45
45	688	7	94	0.46
46	713	7	19	0.47
47	738	8	45	0.48
48	763	8	70	0.49
49	788	9	96	0.5
50	813	8	20	0.51
51	838	9	46	0.52
52	863	10	72	0.53
53	888	10	97	0.54
54	913	9	21	0.55
55	938	11	48	0.56
56	963	11	73	0.57
57	988	11	98	0.58
58	71	4	74	0.59
59	97	5	1	0.6
60	123	2	24	0.61
61	149	1	49	0.62
62	175	2	76	0.63
63	201	2	2	0.64
64	227	2	28	0.65
65	253	1	53	0.66
66	279	2	80	0.67
67	305	1	5	0.68
68	331	2	32	0.69
69	357	1	57	0.7
70	383	2	84	0.71
71	409	1	9	0.72
72	435	2	36	0.73
73	461	1	61	0.74
74	487	18	4	0.75
75	19	4	22	0.76
76	539	12	50	0.77
77	565	13	77	0.78
78	591	16	6	0.79
79	617	9	25	0.8
80	643	10	52	0.81
81	669	10	78	0.82
82	695	14	8	0.83
83	721	6	26	0.84
84	747	8	54	0.85
85	773	9	81	0.86
86	799	12	10	0.87
87	825	5	29	0.88
88	12	1	12	0.89
89	877	6	82	0.9
90	903	28	30	0.91
91	929	5	33	0.92
92	955	2	56	0.93
93	981	5	85	0.94
94	101	34	34	0.95
95	128	10	37	0.96
96	155	4	58	0.97
97	182	5	86	0.98
98	209	52	60	0.99
99	236	27	62	1
0	946	1	46	0.01
1	970	1	70	0.02
2	994	1	94	0.03
3	21	1	21	0.04
4	46	2	47	0.05
5	71	1	71	0.06
6	96	1	96	0.07
7	121	2	22	0.08
8	146	3	48	0.09
9	171	2	72	0.1
10	196	2	97	0.11
11	221	3	23	0.12
12	246	4	49	0.13
13	271	3	73	0.14
14	296	3	98	0.15
15	321	4	24	0.16
16	346	5	50	0.17
17	371	4	74	0.18
18	396	4	99	0.19
19	421	5	25	0.2
20	446	6	51	0.21
21	471	5	75	0.22
22	496	5	0	0.23
23	521	6	26	0.24
24	546	7	52	0.25
25	571	6	76	0.26
26	596	6	1	0.27
27	621	7	27	0.28
28	646	8	53	0.29
29	671	7	77	0.3
30	696	7	2	0.31
31	721	8	28	0.32
32	746	9	54	0.33
33	771	8	78	0.34
34	796	8	3	0.35
35	821	9	29	0.36
36	846	10	55	0.37
37	871	9	79	0.38
38	896	9	4	0.39
39	921	10	30	0.4
40	0	6	5	0.41
41	971	10	80	0.42
42	996	11	6	0.43
43	64	1	64	0.44
44	90	1	90	0.45
45	116	1	16	0.46
46	142	1	42	0.47
47	168	1	68	0.48
48	194	2	95	0.49
49	220	1	20	0.5
50	12	1	12	0.51
51	272	10	81	0.52
52	298	10	7	0.53
53	324	8	31	0.54
54	350	7	56	0.55
55	376	7	82	0.56
56	402	7	8	0.57
57	428	5	32	0.58
58	454	4	57	0.59
59	480	4	83	0.6
60	506	4	9	0.61
61	532	2	33	0.62
62	558	1	58	0.63
63	584	1	84	0.64
64	610	1	10	0.65
65	636	1	36	0.66
66	662	1	62	0.67
67	688	1	88	0.68
68	714	1	14	0.69
69	740	1	40	0.7
70	766	1	66	0.71
71	792	1	92	0.72
72	818	1	18	0.73
73	844	1	44	0.74
74	870	16	85	0.75
75	38	1	38	0.76
76	922	13	34	0.77
77	948	12	59	0.78
78	974	13	86	0.79
79	79	9	87	0.8
80	106	6	11	0.81
81	133	3	35	0.82
82	160	1	60	0.83
83	187	3	89	0.84
84	214	2	15	0.85
85	241	1	41	0.86
86	268	2	69	0.87
87	295	19	13	0.88
88	322	16	37	0.89
89	349	13	61	0.9
90	55	9	63	0.91
91	403	15	17	0.92
92	430	10	39	0.93
93	457	9	65	0.94
94	484	8	91	0.95
95	511	9	19	0.96
96	538	6	43	0.97
97	565	3	67	0.98
98	592	2	93	0.99
99	619	27	45	1
0	53	1	53	0.01
1	78	1	78	0.02
2	103	1	3	0.03
3	128	1	28	0.04
4	153	2	54	0.05
5	178	2	79	0.06
6	203	2	4	0.07
7	228	2	29	0.08
8	253	3	55	0.09
9	278	3	80	0.1
10	303	3	5	0.11
11	328	3	30	0.12
12	353	4	56	0.13
13	378	4	81	0.14
14	403	4	6	0.15
15	428	4	31	0.16
16	453	5	57	0.17
17	478	5	82	0.18
18	503	5	7	0.19
19	528	5	32	0.2
20	553	6	58	0.21
21	578	6	83	0.22
22	603	6	8	0.23
23	628	6	33	0.24
24	653	7	59	0.25
25	678	7	84	0.26
26	703	7	9	0.27
27	728	7	34	0.28
28	753	8	60	0.29
29	778	8	85	0.3
30	803	8	10	0.31
31	828	8	35	0.32
32	853	9	61	0.33
33	878	9	86	0.34
34	903	9	11	0.35
35	928	9	36	0.36
36	953	10	62	0.37
37	978	10	87	0.38
38	41	1	41	0.39
39	67	1	67	0.4
40	93	1	93	0.41
41	119	1	19	0.42
42	145	1	45	0.43
43	171	1	71	0.44
44	197	1	97	0.45
45	223	1	23	0.46
46	249	1	49	0.47
47	275	1	75	0.48
48	301	1	1	0.49
49	327	1	27	0.5
50	12	1	12	0.51
51	379	10	88	0.52
52	405	9	13	0.53
53	431	7	37	0.54
54	457	7	63	0.55
55	483	7	89	0.56
56	509	6	14	0.57
57	535	4	38	0.58
58	561	4	64	0.59
59	587	4	90	0.6
60	613	3	15	0.61
61	639	1	39	0.62
62	665	1	65	0.63
63	691	1	91	0.64
64	717	1	17	0.65
65	743	1	43	0.66
66	769	1	69	0.67
67	795	1	95	0.68
68	821	1	21	0.69
69	847	1	47	0.7
70	873	1	73	0.71
71	899	1	99	0.72
72	925	1	25	0.73
73	951	1	51	0.74
74	977	1	77	0.75
75	1	2	2	0.76
76	105	12	16	0.77
77	132	9	40	0.78
78	159	8	66	0.79
79	186	7	92	0.8
80	213	6	18	0.81
81	240	3	42	0.82
82	267	2	68	0.83
83	294	1	94	0.84
84	321	2	22	0.85
85	348	1	48	0.86
86	375	2	76	0.87
87	402	19	20	0.88
88	429	16	44	0.89
89	456	15	70	0.9
90	55	18	72	0.91
91	510	15	24	0.92
92	537	10	46	0.93
93	564	11	74	0.94
94	591	6	96	0.95
95	618	9	26	0.96
96	645	6	50	0.97
97	672	27	98	0.98
98	699	2	0	0.99
99	726	27	52	1
0	73	1	73	0.01
1	98	1	98	0.02
2	123	1	23	0.03
3	148	1	48	0.04
4	173	2	74	0.05
5	198	2	99	0.06
6	223	2	24	0.07
7	248	2	49	0.08
8	273	3	75	0.09
9	298	3	0	0.1
10	323	3	25	0.11
11	348	3	50	0.12
12	373	4	76	0.13
13	398	4	1	0.14
14	423	4	26	0.15
15	448	4	51	0.16
16	473	5	77	0.17
17	498	5	2	0.18
18	523	5	27	0.19
19	548	5	52	0.2
20	573	6	78	0.21
21	598	6	3	0.22
22	623	6	28	0.23
23	648	6	53	0.24
24	673	7	79	0.25
25	698	7	4	0.26
26	723	7	29	0.27
27	748	7	54	0.28
28	773	8	80	0.29
29	798	8	5	0.3
30	823	8	30	0.31
31	848	8	55	0.32
32	873	9	81	0.33
33	898	9	6	0.34
34	923	9	31	0.35
35	948	9	56	0.36
36	973	10	82	0.37
37	998	10	7	0.38
38	61	1	61	0.39
39	87	1	87	0.4
40	113	1	13	0.41
41	139	1	39	0.42
42	165	1	65	0.43
43	191	1	91	0.44
44	217	1	17	0.45
45	243	1	43	0.46
46	269	1	69	0.47
47	295	1	95	0.48
48	321	1	21	0.49
49	347	1	47	0.5
50	12	1	12	0.51
51	399	10	8	0.52
52	425	8	32	0.53
53	451	7	57	0.54
54	477	7	83	0.55
55	503	7	9	0.56
56	529	5	33	0.57
57	555	4	58	0.58
58	581	4	84	0.59
59	607	4	10	0.6
60	633	2	34	0.61
61	659	1	59	0.62
62	685	1	85	0.63
63	711	1	11	0.64
64	737	1	37	0.65
65	763	1	63	0.66
66	789	1	89	0.67
67	815	1	15	0.68
68	841	1	41	0.69
69	867	1	67	0.7
70	893	1	93	0.71
71	919	1	19	0.72
72	945	1	45	0.73
73	971	1	71	0.74
74	997	1	97	0.75
75	1	14	14	0.76
76	125	11	35	0.77
77	152	9	60	0.78
78	179	8	86	0.79
79	206	11	16	0.8
80	233	4	36	0.81
81	260	3	62	0.82
82	287	2	88	0.83
83	314	5	18	0.84
84	341	2	42	0.85
85	368	1	68	0.86
86	395	2	96	0.87
87	422	1	22	0.88
88	449	16	64	0.89
89	476	15	90	0.9
90	55	12	66	0.91
91	530	9	38	0.92
92	557	14	70	0.93
93	584	9	92	0.94
94	611	10	20	0.95
95	638	3	40	0.96
96	665	8	72	0.97
97	692	3	94	0.98
98	719	26	44	0.99
99	746	1	46	1
0	86	1	86	0.01
1	111	1	11	0.02
2	136	1	36	0.03
3	161	1	61	0.04
4	186	2	87	0.05
5	211	2	12	0.06
6	236	2	37	0.07
7	261	2	62	0.08
8	286	3	88	0.09
9	311	3	13	0.1
10	336	3	38	0.11
11	361	3	63	0.12
12	386	4	89	0.13
13	411	4	14	0.14
14	436	4	39	0.15
15	461	4	64	0.16
16	486	5	90	0.17
17	511	5	15	0.18
18	536	5	40	0.19
19	561	5	65	0.2
20	586	6	91	0.21
21	611	6	16	0.22
22	636	6	41	0.23
23	661	6	66	0.24
24	686	7	92	0.25
25	711	7	17	0.26
26	736	7	42	0.27
27	761	7	67	0.28
28	786	8	93	0.29
29	811	8	18	0.3
30	836	8	43	0.31
31	861	8	68	0.32
32	886	9	94	0.33
33	911	9	19	0.34
34	936	9	44	0.35
35	961	9	69	0.36
36	986	10	95	0.37
37	48	1	48	0.38
38	74	1	74	0.39
39	100	1	0	0.4
40	126	1	26	0.41
41	152	1	52	0.42
42	178	1	78	0.43
43	204	1	4	0.44
44	230	1	30	0.45
45	256	1	56	0.46
46	282	1	82	0.47
47	308	1	8	0.48
48	334	1	34	0.49
49	360	1	60	0.5
50	12	9	20	0.51
51	412	10	21	0.52
52	438	8	45	0.53
53	464	7	70	0.54
54	490	7	96	0.55
55	516	7	22	0.56
56	542	5	46	0.57
57	568	4	71	0.58
58	594	4	97	0.59
59	620	4	23	0.6
60	646	2	47	0.61
61	672	1	72	0.62
62	698	1	98	0.63
63	724	1	24	0.64
64	750	1	50	0.65
65	776	1	76	0.66
66	802	1	2	0.67
67	828	1	28	0.68
68	854	1	54	0.69
69	880	1	80	0.7
70	906	1	6	0.71
71	932	1	32	0.72
72	958	1	58	0.73
73	984	1	84	0.74
74	84	2	85	0.75
75	1	1	1	0.76
76	138	12	49	0.77
77	165	9	73	0.78
78	192	8	99	0.79
79	219	7	25	0.8
80	246	6	51	0.81
81	273	3	75	0.82
82	300	4	3	0.83
83	327	1	27	0.84
84	354	2	55	0.85
85	381	1	81	0.86
86	408	2	9	0.87
87	435	1	35	0.88
88	462	16	77	0.89
89	489	17	5	0.9
90	55	3	57	0.91
91	543	11	53	0.92
92	570	10	79	0.93
93	597	11	7	0.94
94	624	6	29	0.95
95	651	9	59	0.96
96	678	6	83	0.97
97	705	6	10	0.98
98	732	2	33	0.99
99	759	73	31	1
